000000000000000000100000000000010010000000000000
000000000000010000100000000000100000000000001010
000000000000100000001100000000000000000000001011
000000000000110000001000000000000000000000000011
000000000001000000000000000000100001000010000000
000000000001010000000000001000100001000000100000
000000000001100010001100010000010000000000000000
000000000001110010001100010000110000000000000100
000000000010000010101100010000110000000000000000
000000000010010010101100010000010000000000000100
000000000010100000000000111000000000000000001000
000000000010110000100000101001011111111111101100
000000000011000010101100101001110000000000010000
000000000011010010101100101001100000000000001100
000000000011100010101100101001000000000000001000
000000000011110010101100101000100000000000000100
000000000100000010101100101000010000000000000000
000000000100010000100000000001000000000000000000
000000000100100000000000100000100001100000101010
000000000100110000010000011000000000000000010001
000000000101000000100000100001101111111111111111
000000000101010000101000110000110000000000000000
000000000101100000010100011000000000000000001100
000000000101110000000000000001100001100010000000
000000000110000000000000001000110001100000100000
000000000110010010001100011001110000000000000000
000000000110100010001100011000110000000000000100
000000000110110000000000011001110001100000101010
000000000111000000010000011000000000000000000110
000000000111010000000000110000000001000000100000
000000000111100000001100000000000000000000000100
000000000111110010001100101000010000000000000000
000000001000000010001100101000100000000000000100
000000001000010000100000110001101111111111111111
000000001000100000001000000000000000000000010101
000000001000110000100000100001000000000000000001
000000001001000000001000000000000000000000010010
000000001001010010001100101001000000000000001000
000000001001100010001100101001100000000000001100
000000001001110010001100101001110000000000010000
000000001010000000100000101001010000000000010100
000000001010010000000000111000000000000000001000
001000000000000000000000000000000000000000001001
001000000000010000000000000000000000000000000110
001000000000100000000000000000000000000000000001
001000000000110000000000000000000000000000000011
001000000001000000000000000000000000000000000111
001000000001010000000000000000000000000000000101
001000000001100000000000000000000000000000000100
001000000001110000000000000000000000000000000010
001000000010000000000000000000000000000000001000
001000000010010000000000000000000000000000001010
